1000
4328
4163
5767
9929
3364
1311
2739
5978
8853
8247
8681
9008
6418
6532
7843
7654
6691
3034
5294
3178
5866
1712
7646
1166
7076
7975
6793
3319
4148
9763
8079
9964
7723
9819
8414
2987
4733
9340
4324
7115
1698
3802
2986
6142
3180
1294
6249
2682
6491
6058
3957
8558
9498
7800
6670
5951
5266
9032
1956
1905
7914
6234
2426
1940
5603
6578
8386
4868
1828
3873
4198
7611
8411
5172
3299
9205
3704
5878
5170
5844
3864
5745
4039
5182
4199
7482
9245
7165
9580
9833
6961
1088
1706
5752
8798
9656
2630
9489
2970
6873
5805
2586
1622
5090
9075
4979
5730
8318
1034
6233
6530
1059
4256
5292
7150
4351
1042
1025
1597
6027
1251
9531
2307
8835
3309
7115
3853
6117
6088
6178
6714
1250
8626
5708
4580
9234
3019
5769
9437
6599
2351
7570
7535
7644
6914
3552
6738
7353
7570
7275
2626
8386
8973
8385
5599
6602
9698
1268
3268
9594
2998
2638
8851
6493
1530
4623
4384
1808
3536
3390
6032
4678
3468
6111
2102
6277
2201
1837
7180
1336
1975
5899
6118
1316
8834
6987
5826
8781
6724
8289
4007
3846
7936
1137
4357
5866
9352
9660
2775
8082
7883
5279
6303
6457
8889
8833
8398
6173
1215
4272
6336
3360
6317
6112
8868
8822
4032
9076
8059
5371
3566
4300
7453
6634
5027
2881
8970
5291
8615
6142
2536
4294
7359
7776
3823
3341
3360
3621
3958
2870
7899
5700
9093
2639
4060
1480
6589
4803
1196
2303
3231
4897
7860
3699
9358
5764
3092
4937
3878
7782
8357
2037
9180
5682
7143
8678
8684
3449
6185
9764
8464
5796
7830
2056
7174
6602
6209
4495
8510
4968
1389
5914
2797
1534
2114
8246
2321
2191
3126
9587
3319
4344
3634
6113
5223
5280
4279
1193
9568
9861
6397
7476
5558
8786
1195
2912
7738
3746
2446
2289
4650
2015
3624
9597
2041
3662
5617
6250
1644
3531
8050
6454
2154
8825
7186
3029
3024
6230
9866
4311
7628
4534
9795
7796
1925
6344
7380
6289
9477
2547
8730
6053
3337
7766
9231
3990
3692
5310
5061
4509
9327
2148
9691
7581
8247
9543
9231
8881
2359
5389
2215
3694
1791
9552
5053
2608
3215
4033
7100
3907
4008
3020
4075
3426
2376
5137
3795
5286
3758
3762
9632
5329
7815
4825
5150
1258
6832
2562
2558
2437
9170
4956
4784
9526
8965
3109
3974
5818
3032
2398
3735
8827
7207
7152
4672
9852
8054
7611
6344
6932
2747
4352
9377
8395
4765
2397
4236
8786
1975
4995
8230
1228
8426
8796
9683
3904
7484
7115
7548
9322
5327
4521
1372
2114
4983
7245
6818
6503
1448
3933
3812
8243
9696
8051
8098
5700
9280
3010
2024
3676
2328
6635
1109
8043
5812
8437
3871
7047
4459
4792
6257
1490
1513
9370
1620
2889
1555
6954
5392
2303
7277
3831
9148
5176
7042
9197
5110
5668
4728
4358
1719
7959
3095
8270
8698
4935
8462
4155
5970
5183
4080
3714
3548
4675
2416
3894
2683
8827
4280
6648
5066
7982
7486
9424
7126
3342
8594
6329
5271
7866
3750
6338
3300
8604
5682
4179
9665
4081
7044
1997
3523
2021
9789
5000
5302
6436
5218
6482
5724
8088
5897
6988
3715
9142
3181
6887
7081
9942
2542
2845
4098
4471
1200
9691
3702
3255
1738
9963
8803
8417
7151
6533
3596
6298
2185
5654
9198
2312
7623
9763
6170
3017
6765
1958
4999
2287
3429
3243
5142
2903
9003
9564
2766
1576
3742
1239
3192
3997
4260
7023
8211
9888
3906
7330
6695
2478
1925
1011
1926
5152
8337
2413
2942
5068
9584
6765
7487
4586
2486
9857
2742
5171
4905
6549
4818
4081
3921
1489
2806
8670
7336
5281
7507
9227
9402
6727
7551
7422
6383
8248
4104
6769
9356
9472
5027
4697
3215
7787
3903
7418
2899
1932
1876
4664
2859
7189
3240
5655
8828
7499
6755
2329
1395
5753
4435
7935
8355
4563
9482
3650
5644
9047
3485
4500
3522
3600
2334
1102
9655
1042
1284
1234
8551
1230
2529
8849
5668
3403
4361
3716
4039
5795
9549
1292
8932
3122
1966
3668
5334
6313
7877
7508
6034
2286
2844
9696
1393
4534
9823
2388
4448
5869
5160
8837
8235
8028
9509
1351
1491
9983
2016
3857
1081
9161
7782
8462
7594
9620
1791
7431
3921
1514
9680
9257
2099
8067
1761
3931
2115
3422
4624
2895
4296
1048
9081
6755
4957
2537
6760
7962
9270
8792
4872
7160
6081
7587
9086
1190
1851
2030
9437
6684
3788
5681
7378
4088
5396
8819
9873
6765
6801
2478
5443
6920
2500
9558
5458
2300
5208
6908
4580
4079
2439
4415
8291
8317
9633
8418
3333
4538
7121
3497
6720
1883
5826
2909
5390
9274
9210
7784
8662
5348
4920
1713
9267
1755
7623
3084
4975
2951
2528
1235
7147
3155
8655
2404
7964
6848
6089
1309
5335
7560
6635
6823
3017
2230
4752
9116
2983
9279
9010
9575
3868
3543
1471
2683
1405
8083
8586
8029
6473
1062
5722
2401
8387
2282
8006
9563
8034
2476
7537
6739
6380
2433
2733
3756
5185
6298
5106
2568
8813
2458
2645
1481
9857
3132
4229
3213
8285
1682
7242
1071
4134
8412
8700
1275
7634
7954
2537
9262
8846
9012
3518
6215
5996
9884
5253
3682
2069
7734
1675
7753
3040
1219
3363
5940
8576
2189
9591
9516
2796
4615
1864
8875
5596
3023
6156
8272
4777
4591
2531
8401
6637
7882
5201
6361
2999
8942
1364
3792
2966
1289
2385
1329
1324
2993
1242
1977
5552
3763
3158
8363
1458
5493
9639
8306
2882
3158
7615
3107
6986
3489
5552
3532
7356
7441
1379
7897
7229
2871
6092
6883
1098
2102
6717
3735
6605
1909
1188
3936
4840
3980
3095
6670
6614
7151
9797
9784
3661
3985
6704
6801
4924
8849
8876
8591
8302
3081
4336
4787
4341
4110
8913
9925
9086
2200
3920
4416
6364
6154
1575
7187
9115
5252
6358
1599
9437
7346
1146
5326
2042
8399
2459
2552
8792
5585
5630
4629
4136
5569
7262
5730
2077
3681
7678
8493
7646
4481
2039
3604
