1234 11
19738
11216
27293
27418
23216
10313
27951
27064
26508
22109
24128
11168
29233
25221
16979
18213
27321
21161
19466
21767
14231
10633
18178
11265
26474
26072
22053
21214
12654
24896
12171
26472
28251
18228
22052
21475
11496
23923
15697
15692
12010
21566
12086
27722
23024
27277
26978
29791
24616
25815
22366
10579
15374
21763
25213
28453
22721
11199
22407
18684
11162
27168
14538
23189
20198
28049
25902
17805
12057
15290
10937
23660
20386
12565
12226
16489
20661
25272
20256
13312
22553
11784
16981
28437
12444
14730
15662
17138
17735
17248
15848
19309
20001
23779
11438
12490
11672
10623
11519
21435
28061
18486
14718
21667
22678
20689
25954
26399
26571
10234
21825
22674
21548
19193
23941
27608
16344
10733
12785
15372
24398
13803
12601
12881
10479
22726
25114
11593
28594
24553
14871
14595
28357
14913
13544
16869
20484
11840
12995
27988
12934
12961
23146
19796
18070
28380
28811
26149
19070
15680
27005
13559
24621
27237
27335
23562
13409
19482
19247
15835
18165
18924
26179
10094
29334
17891
25301
21796
26062
18179
11707
18280
29372
22796
21393
26441
14344
25497
18402
28724
25326
19771
22360
27158
10273
15925
19199
26094
24434
13432
29361
14079
20683
27101
25975
25432
20452
15568
10168
13921
16332
22625
19525
24846
14961
20605
13624
14595
23189
15244
10087
13258
24849
26285
19370
15017
13923
21397
10444
18852
19691
25590
11458
22499
15733
18517
20848
26649
17774
17980
21961
15948
15787
15351
27262
11502
26589
19669
20309
12877
13667
25015
19220
28260
28055
26161
24039
16691
12495
10996
14575
10325
10300
16066
11509
14302
15649
28100
21950
11962
26287
13105
12068
22539
20552
18402
19932
22498
24302
12483
26080
23526
12243
29838
10491
26713
25848
24749
16797
15557
25919
11439
25442
21690
15175
14770
12623
18063
28881
27781
25295
11374
14996
16436
10591
13944
28521
14729
29285
20158
16131
23055
20693
23480
15714
17597
20839
11653
29742
17858
20446
21164
25645
23388
29133
14433
19722
19496
16187
15697
21024
19763
23975
22817
27827
13935
14905
23826
18574
16383
26319
28814
24402
23675
13366
27181
20310
25662
13179
29755
14541
13698
21765
12886
12748
19183
15879
21992
16153
26966
26462
17241
26693
27382
12726
13875
10973
24708
27073
22005
14493
16506
28957
25375
24790
14275
17094
15453
19978
28014
27212
23924
22596
13433
25365
17448
11988
28043
15271
15417
25001
12288
25356
16539
22793
10847
25096
22274
17537
18695
18788
14701
23632
18842
10793
28570
24707
24324
17259
13148
25313
28866
19530
21705
14368
24409
27619
10970
19340
14309
22400
22095
11572
17480
21011
12194
15386
16317
15262
23440
26185
17556
14024
25614
29114
25587
18817
27086
10039
20291
28252
12022
13691
22702
19172
10988
18684
29634
27074
21201
11170
21997
27563
10401
17645
19053
20184
12283
26957
27817
13743
21635
19593
27567
14949
28677
13974
11313
22030
25826
16683
25980
23782
23035
19897
27865
28983
17770
21005
11492
24902
26582
26295
11701
14731
24779
20545
26874
25843
29470
23404
26259
17796
21223
13207
17608
24189
18857
14873
29418
14857
17092
16654
16060
21274
17484
27398
16168
15750
16704
21816
21565
14313
24246
24789
14546
14580
28653
12961
24220
13582
29676
21113
22893
13437
14842
20375
13278
20149
19045
23257
28935
29970
24538
17840
10841
19087
25988
18976
27447
20997
28935
26693
20178
13901
16768
20213
27641
14543
17202
12875
18577
14314
18449
16957
17361
14189
26946
28004
18820
26512
24457
16576
29101
23680
29312
19304
24171
25873
26673
26584
13583
25869
26457
22072
19968
11484
25275
11664
11862
16241
28150
23118
12646
23192
19316
23584
25115
18976
19234
27316
14598
18917
28622
24008
28963
10657
24805
13563
12614
15823
10511
23393
21131
16546
27315
20246
10210
22339
25775
26674
15667
11769
16788
13100
20731
23965
18695
11874
17842
16065
17979
10844
19881
16728
28901
19879
25435
28317
16579
26075
12155
25836
11730
23233
27367
12591
15981
26689
10624
17436
21457
26338
25932
27991
14982
20835
15921
21426
18599
29070
23884
23915
19391
28726
22685
10065
22948
24682
23176
15112
24060
26589
21863
11780
26968
18145
23456
26172
10849
21463
12761
25071
24498
29971
19175
23872
23305
15775
17630
14091
15948
20479
29730
10151
17532
21135
22736
14594
14944
21657
14305
16068
20623
20583
21603
21673
25304
12988
17757
14832
29566
23323
12804
11659
22528
16289
10126
13032
18291
28114
26902
13223
11618
25478
26447
17616
25905
27783
23091
15290
13868
13635
13698
26167
20492
27014
23355
12390
19456
27539
15733
17415
24883
29554
13802
22500
10913
12365
19378
27031
14102
29083
27138
15474
10957
29201
29192
12869
15621
24576
23635
26025
19900
18499
19080
16269
19371
13725
16421
26582
13971
25867
14107
12690
15819
22708
13272
16988
12343
27219
17692
20892
10068
29915
27688
27384
29435
24561
25840
12090
14979
12356
11401
21662
17068
17622
19861
12066
28741
24274
16608
11953
12264
21351
13703
23709
12089
11700
25996
27672
14457
29439
26215
26437
10757
18004
20962
28914
18833
29028
12936
21639
12616
18987
28289
16120
23787
11351
23899
26948
24804
17705
21455
27988
29946
20789
21578
13294
28565
28512
25749
14833
29826
22077
27083
25665
11259
15231
17242
23906
10871
14573
11715
28852
27337
22076
17375
18366
22866
19164
28139
14753
12394
26017
25396
19237
21092
20842
18484
17535
23593
24704
13692
18996
20253
15349
16638
17538
10111
14922
15036
15741
12965
29330
24081
15370
18638
24642
29471
12473
10736
19100
21602
24713
17449
15277
10842
27742
21494
28516
18077
26107
26332
16364
12748
12891
16068
29673
28753
13316
23179
25063
21909
10906
21833
11359
15522
29370
17055
26415
14232
23745
23837
26320
21066
18754
22802
21657
18345
12683
24996
18884
29756
12569
22060
21049
23465
29810
16913
24478
25532
11325
24756
27495
19666
20906
14581
20731
19858
23081
17515
10252
15733
16534
12628
13637
15009
26756
26817
13147
21854
14696
16704
12142
28864
13408
15991
15664
10286
16740
21264
18433
26346
12757
20458
27716
15191
19359
20587
12632
17466
24763
27096
13612
22112
23651
10095
28182
29008
26865
10219
27228
26519
11685
10744
12959
17140
14096
21041
17036
15525
26707
27603
10731
22906
20127
13023
25301
10531
23133
16481
15973
21307
15831
21463
15409
23550
16770
19146
28195
23434
21597
28422
11709
18634
25223
27046
22488
19561
29963
12154
28059
15801
12286
24489
12394
16492
26212
21451
27300
22602
13343
28018
20246
11772
29919
24682
25890
24549
13147
29155
10468
24078
24993
21371
16931
29493
28171
12547
17647
13021
13243
26280
20210
10994
25917
25801
11960
15508
29150
25823
14047
19536
14321
21737
11444
11032
28180
29030
23880
22748
25424
27871
18788
27277
13645
27304
29882
29036
24992
14379
25919
15849
23100
26967
28981
21818
12561
29029
10199
19855
20514
10795
23748
10288
16784
29705
12291
18390
16749
17681
21041
25590
27083
11515
29520
13988
17575
29308
27400
27961
18072
13053
18873
15136
21800
23573
28287
17949
29504
14690
19806
29905
10727
27170
18402
12606
29407
17446
21171
29316
19100
19606
25685
22836
12145
15930
21069
28155
18634
28378
23169
28070
28469
19241
15486
19215
23825
16643
18494
25200
11807
14014
20516
26034
27734
13681
15005
18928
20784
15128
18038
21789
12645
28696
11868
29236
20131
23593
20021
10753
26418
29185
14368
25228
11506
28140
20974
16948
28185
20351
17101
12424
23781
13847
19881
20330
24779
13230
21993
25148
13283
24632
18793
18800
23797
18548
12812
15585
14292
26983
15984
25152
16754
27628
29644
21254
13990
15273
20415
23888
12813
18178
16999
27341
29396
17862
28976
12124
19236
29203
14134
10997
20305
26323
15081
10273
15318
18028
13134
18593
10440
15432
26346
19537
18089
20169
20772
10732
15396
15282
29454
12283
